16 12 3 100 100
8 8 8 12 8 8 8 8 0 8 8 8 8 0 8 0
8 8 8 8 8 0 8 8 8 8 8 8 8 8 8 0
0 8 8 8 8 11 8 8 8 8 0 8 8 8 8 0
0 8 0 0 4 0 4 0 0 4 0 4 0 0 4 0
12 0 10 0 1 1 1 1 1 1 1 1 1 1 1 0
8 8 8 0 2 2 2 2 0 2 2 2 2 0 2 0
8 8 8 8 8 8 8 8 8 8 8 8 8 8 8 0
0 8 8 8 8 0 8 8 8 8 0 8 8 8 8 0
0 8 0 0 10 0 4 11 0 4 4 4 0 0 4 0
0 0 0 0 1 1 1 1 1 1 1 1 1 1 1 0
2 2 7 0 9 2 2 7 0 9 2 2 7 0 9 0
2 7 5 3 2 2 7 5 3 2 2 7 5 3 2 0
0 4 5 8 3 0 4 5 8 3 0 4 5 8 3 0
0 2 0 0 7 0 2 0 0 7 0 2 0 0 7 0
0 0 0 0 1 1 1 1 1 1 1 1 1 1 1 0